-0.354374610692 0.924583586783 -0.139870748724 23.815690042315 
0.908316537632 0.375895921680 0.183475675576 -9.643871785890 
0.222215442220 -0.062027793094 -0.973022533204 437.154021297558 
0.000000000000 0.000000000000 0.000000000000 1.000000000000 

-0.377689186094 0.925358912695 -0.032584680505 15.322113049720 
0.886525629366 0.371548317798 0.275724783106 -2.951842075626 
0.267251168725 0.075251114525 -0.960684174210 426.087836641532 
0.000000000000 0.000000000000 0.000000000000 1.000000000000 

-0.631527980191 0.775348458627 0.002679168081 -2.580579306193 
0.752085627728 0.611732739525 0.245255507499 -32.193651092331 
0.188519544879 0.156900679089 -0.969454773623 440.717479390849 
0.000000000000 0.000000000000 0.000000000000 1.000000000000 

-0.588506634445 0.804198933735 0.083210673554 -16.405953644467 
0.804068266802 0.571425925014 0.164154301020 -35.365723357245 
0.084463977742 0.163512957287 -0.982918790777 445.506062194136 
0.000000000000 0.000000000000 0.000000000000 1.000000000000 

-0.695818370924 0.714672548920 -0.071273715390 25.178516165567 
0.698174954103 0.696342092458 0.166311225522 -27.591387249795 
0.168488955570 0.065960883038 -0.983494094420 437.630493543361 
0.000000000000 0.000000000000 0.000000000000 1.000000000000 

-0.661294193145 0.749947231885 -0.016405471664 11.049630313293 
0.737845483550 0.654253097423 0.165942541015 -12.158636086973 
0.135181479937 0.097632135596 -0.985998952120 423.541671421090 
0.000000000000 0.000000000000 0.000000000000 1.000000000000 

-0.534539997238 0.825067232688 0.183114862578 -23.619155928384 
0.844781271222 0.515278724822 0.144334471065 -26.327207041415 
0.024730449738 0.231844554153 -0.972438433818 437.323244898157 
0.000000000000 0.000000000000 0.000000000000 1.000000000000 

-0.660789500769 0.750570535677 -0.001051972655 -16.397977601168 
0.740826191624 0.652434583127 0.159704942139 -32.115183859301 
0.120556167312 0.104752020091 -0.987164233960 442.881226426592 
0.000000000000 0.000000000000 0.000000000000 1.000000000000 

-0.687116474329 0.724940738085 -0.048289512014 5.526351609150 
0.709380031959 0.683760348445 0.171031447846 -18.816531059119 
0.157006117598 0.083262909868 -0.984081483861 429.968902129718 
0.000000000000 0.000000000000 0.000000000000 1.000000000000 

-0.692844261653 0.719208474409 -0.052019221764 18.176291776998 
0.704762577370 0.690657914402 0.162176924415 -18.339062387262 
0.152566505606 0.075702150650 -0.985389590849 429.220322650166 
0.000000000000 0.000000000000 0.000000000000 1.000000000000 

-0.291166844406 0.955770068232 -0.041538480842 14.514015807392 
0.955553091698 0.292651590288 0.035683828940 -21.236629207871 
0.046261838097 -0.029302275924 -0.998499483706 439.919572807262 
0.000000000000 0.000000000000 0.000000000000 1.000000000000 

-0.284408152698 0.950675778051 -0.123804554468 -4.670687472540 
0.957990651544 0.276838788858 -0.074927942308 -9.335025395063 
-0.036958276937 -0.139913723456 -0.989473716556 432.215637499910 
0.000000000000 0.000000000000 0.000000000000 1.000000000000 

