Calibrate ERROR：\nNO. 1 Image Error:1.6159 PixelNO. 1 Image Average Error: 0.0183626 Pixel
NO. 2 Image Error:1.65512 PixelNO. 2 Image Average Error: 0.0188082 Pixel
NO. 3 Image Error:1.46842 PixelNO. 3 Image Average Error: 0.0166865 Pixel
NO. 4 Image Error:1.5711 PixelNO. 4 Image Average Error: 0.0178534 Pixel
NO. 5 Image Error:1.41593 PixelNO. 5 Image Average Error: 0.0160901 Pixel
NO. 6 Image Error:1.56955 PixelNO. 6 Image Average Error: 0.0178357 Pixel
NO. 7 Image Error:1.53752 PixelNO. 7 Image Average Error: 0.0174718 Pixel
NO. 8 Image Error:1.53421 PixelNO. 8 Image Average Error: 0.0174343 Pixel
NO. 9 Image Error:1.43899 PixelNO. 9 Image Average Error: 0.0163521 Pixel
NO. 10 Image Error:1.45259 PixelNO. 10 Image Average Error: 0.0165067 Pixel
NO. 11 Image Error:1.65752 PixelNO. 11 Image Average Error: 0.0188354 Pixel
NO. 12 Image Error:1.71998 PixelNO. 12 Image Average Error: 0.0195453 Pixel
Total Average Error: 1.55307 PixelSingle Point Error: 0.0176485 Pixel

Intrinsic Matrix: 
[10671.85721024793, 0, 1042.662152809816;
  0, 10668.55956295446, 1020.90371539047;
  0, 0, 1]

DisCoeffs:
[0.2070477034436582, -6.517418617874399, -0.004908486848180012, -0.00957505650736889, 206.5203578196568]


No 1 Rotation Vector: 
[-1.638064343061864;
  -2.415935227774146;
  -0.1085380720889603]
No 1Rotation Matrix:
[-0.3543746106917367, 0.9245835867829125, -0.1398707487244014;
  0.9083165376322119, 0.3758959216799082, 0.1834756755764736;
  0.2222154422197317, -0.06202779309355713, -0.9730225332041555]
No 1Translation:
[23.81569004231477;
  -9.643871785889981;
  437.1540212975577]

No 2 Rotation Vector: 
[-1.63532827361641;
  -2.445857579007721;
  -0.3167755976884751]
No 2Rotation Matrix:
[-0.3776891860939908, 0.9253589126950001, -0.03258468050458459;
  0.8865256293658976, 0.3715483177981669, 0.2757247831058202;
  0.2672511687253356, 0.07525111452516582, -0.9606841742100587]
No 2Translation:
[15.32211304972048;
  -2.951842075626024;
  426.0878366415319]

No 3 Rotation Vector: 
[-1.296131443904672;
  -2.726207047777768;
  -0.3412568067290209]
No 3Rotation Matrix:
[-0.6315279801906928, 0.7753484586266091, 0.002679168080805261;
  0.7520856277277863, 0.6117327395248747, 0.2452555074992056;
  0.1885195448794772, 0.1569006790894573, -0.9694547736226284]
No 3Translation:
[-2.580579306193426;
  -32.1936510923306;
  440.7174793908488]

No 4 Rotation Vector: 
[1.42532501798758;
  2.785348514109178;
  0.2903947432891696]
No 4Rotation Matrix:
[-0.5885066344448784, 0.8041989337353115, 0.08321067355424223;
  0.8040682668022894, 0.5714259250140891, 0.1641543010199731;
  0.08446397774154947, 0.1635129572871265, -0.9829187907773935]
No 4Translation:
[-16.40595364446652;
  -35.36572335724546;
  445.5060621941359]

No 5 Rotation Vector: 
[-1.160175884640325;
  -2.771957344625568;
  -0.190732898242166]
No 5Rotation Matrix:
[-0.6958183709237238, 0.7146725489198218, -0.07127371539003885;
  0.6981749541025326, 0.6963420924583771, 0.1663112255219585;
  0.1684889555697399, 0.06596088303785988, -0.9834940944204413]
No 5Translation:
[25.17851616556671;
  -27.59138724979543;
  437.6304935433612]

No 6 Rotation Vector: 
[-1.253111068857933;
  -2.780766499350314;
  -0.2219988989761553]
No 6Rotation Matrix:
[-0.6612941931451708, 0.7499472318849849, -0.01640547166424046;
  0.7378454835495991, 0.6542530974225905, 0.1659425410146693;
  0.1351814799369196, 0.09763213559579438, -0.9859989521196605]
No 6Translation:
[11.04963031329262;
  -12.1586360869729;
  423.5416714210899]

No 7 Rotation Vector: 
[1.466550695013197;
  2.654308652600718;
  0.330380636081964]
No 7Rotation Matrix:
[-0.5345399972384437, 0.8250672326879854, 0.1831148625778763;
  0.8447812712223698, 0.5152787248221203, 0.1443344710649767;
  0.02473044973795857, 0.2318445541527328, -0.9724384338175239]
No 7Translation:
[-23.6191559283836;
  -26.32720704141527;
  437.3232448981569]

No 8 Rotation Vector: 
[-1.262753184370615;
  -2.794411293614696;
  -0.223913506762709]
No 8Rotation Matrix:
[-0.6607895007689023, 0.750570535677439, -0.001051972655233581;
  0.7408261916242631, 0.6524345831267889, 0.1597049421391373;
  0.1205561673124848, 0.1047520200905774, -0.9871642339600172]
No 8Translation:
[-16.39797760116776;
  -32.11518385930059;
  442.8812264265921]

No 9 Rotation Vector: 
[-1.188009258271508;
  -2.77882159461106;
  -0.2106251666985252]
No 9Rotation Matrix:
[-0.687116474329223, 0.7249407380847473, -0.04828951201368967;
  0.7093800319590889, 0.6837603484449216, 0.1710314478457166;
  0.1570061175976924, 0.08326290986761117, -0.9840814838605987]
No 9Translation:
[5.526351609149724;
  -18.81653105911859;
  429.9689021297178]

No 10 Rotation Vector: 
[-1.177215680321791;
  -2.785107329501478;
  -0.1966577739329197]
No 10Rotation Matrix:
[-0.6928442616533081, 0.7192084744085836, -0.05201922176426673;
  0.7047625773701418, 0.6906579144017603, 0.1621769244152979;
  0.1525665056055137, 0.07570215065034783, -0.9853895908493426]
No 10Translation:
[18.17629177699807;
  -18.33906238726194;
  429.2203226501661]

No 11 Rotation Vector: 
[-1.836499225110108;
  -2.48122607184008;
  -0.006131729795041432]
No 11Rotation Matrix:
[-0.2911668444064801, 0.9557700682317475, -0.04153848084190475;
  0.9555530916983469, 0.2926515902877344, 0.03568382893960336;
  0.04626183809689472, -0.02930227592424969, -0.9984994837062039]
No 11Translation:
[14.51401580739218;
  -21.2366292078712;
  439.9195728072619]

No 12 Rotation Vector: 
[-1.845419545387174;
  -2.466198223176314;
  0.2077225244894571]
No 12Rotation Matrix:
[-0.2844081526975107, 0.9506757780506446, -0.1238045544678836;
  0.9579906515436541, 0.276838788858257, -0.0749279423076523;
  -0.03695827693703618, -0.1399137234559047, -0.9894737165557]
No 12Translation:
[-4.670687472540175;
  -9.335025395062589;
  432.2156374999103]


