-0.354374610692 0.924583586783 -0.139870748724 
0.908316537632 0.375895921680 0.183475675576 
0.222215442220 -0.062027793094 -0.973022533204 

-0.377689186094 0.925358912695 -0.032584680505 
0.886525629366 0.371548317798 0.275724783106 
0.267251168725 0.075251114525 -0.960684174210 

-0.631527980191 0.775348458627 0.002679168081 
0.752085627728 0.611732739525 0.245255507499 
0.188519544879 0.156900679089 -0.969454773623 

-0.588506634445 0.804198933735 0.083210673554 
0.804068266802 0.571425925014 0.164154301020 
0.084463977742 0.163512957287 -0.982918790777 

-0.695818370924 0.714672548920 -0.071273715390 
0.698174954103 0.696342092458 0.166311225522 
0.168488955570 0.065960883038 -0.983494094420 

-0.661294193145 0.749947231885 -0.016405471664 
0.737845483550 0.654253097423 0.165942541015 
0.135181479937 0.097632135596 -0.985998952120 

-0.534539997238 0.825067232688 0.183114862578 
0.844781271222 0.515278724822 0.144334471065 
0.024730449738 0.231844554153 -0.972438433818 

-0.660789500769 0.750570535677 -0.001051972655 
0.740826191624 0.652434583127 0.159704942139 
0.120556167312 0.104752020091 -0.987164233960 

-0.687116474329 0.724940738085 -0.048289512014 
0.709380031959 0.683760348445 0.171031447846 
0.157006117598 0.083262909868 -0.984081483861 

-0.692844261653 0.719208474409 -0.052019221764 
0.704762577370 0.690657914402 0.162176924415 
0.152566505606 0.075702150650 -0.985389590849 

-0.291166844406 0.955770068232 -0.041538480842 
0.955553091698 0.292651590288 0.035683828940 
0.046261838097 -0.029302275924 -0.998499483706 

-0.284408152698 0.950675778051 -0.123804554468 
0.957990651544 0.276838788858 -0.074927942308 
-0.036958276937 -0.139913723456 -0.989473716556 

